0.9863013698630136
1.9726027397260273
1.3150684931506849
1.9726027397260273
1.643835616438356
1.643835616438356
1.9726027397260273
1.643835616438356
1.643835616438356
1.643835616438356
1.643835616438356
0.6575342465753424
0.9863013698630136
1.9726027397260273
1.3150684931506849
0.6575342465753424
0.6575342465753424
1.3150684931506849
2.3013698630136985
1.3150684931506849
1.9726027397260273
2.3013698630136985
0.9863013698630136
1.9726027397260273
2.3013698630136985
0.9863013698630136
2.6301369863013697
1.643835616438356
0.6575342465753424
1.3150684931506849
2.6301369863013697
1.3150684931506849
1.3150684931506849
1.643835616438356
0.9863013698630136
1.643835616438356
0.9863013698630136
1.9726027397260273
1.3150684931506849
1.643835616438356
2.6301369863013697
0.9863013698630136
1.3150684931506849
1.3150684931506849
0.9863013698630136
1.643835616438356
1.643835616438356
1.9726027397260273
0.9863013698630136
1.3150684931506849
1.643835616438356
0.9863013698630136
1.643835616438356
1.643835616438356
0.9863013698630136
2.3013698630136985
1.9726027397260273
1.3150684931506849
2.6301369863013697
0.9863013698630136
1.643835616438356
2.3013698630136985
2.3013698630136985
1.3150684931506849
1.3150684931506849
1.643835616438356
1.643835616438356
1.9726027397260273
0.9863013698630136
2.3013698630136985
2.3013698630136985
1.9726027397260273
2.3013698630136985
0.9863013698630136
1.643835616438356
2.3013698630136985
2.6301369863013697
1.9726027397260273
0.3287671232876712
2.958904109589041
1.643835616438356
0.6575342465753424
1.3150684931506849
1.643835616438356
2.3013698630136985
0.3287671232876712
3.3424657534246576
2.3013698630136985
1.643835616438356
1.9726027397260273
0.6575342465753424
1.9726027397260273
1.9726027397260273
1.643835616438356
1.643835616438356
0.9863013698630136
1.9726027397260273
1.643835616438356
0.9863013698630136
1.643835616438356
2.3013698630136985
0.9863013698630136
0.9863013698630136
0.6575342465753424
1.9726027397260273
1.643835616438356
1.9726027397260273
1.3150684931506849
2.958904109589041
2.3013698630136985
0.6575342465753424
1.3150684931506849
0.6575342465753424
1.643835616438356
1.9726027397260273
2.3013698630136985
1.9726027397260273
1.643835616438356
1.643835616438356
0.6575342465753424
2.3013698630136985
1.643835616438356
0.9863013698630136
1.9726027397260273
1.9726027397260273
1.9726027397260273
2.3013698630136985
1.3150684931506849
1.643835616438356
1.9726027397260273
1.643835616438356
0.3287671232876712
1.9726027397260273
1.643835616438356
1.643835616438356
0.9863013698630136
1.9726027397260273
1.3150684931506849
0.9863013698630136
1.3150684931506849
1.3150684931506849
1.643835616438356
0.9863013698630136
1.3150684931506849
0.6575342465753424
0.6575342465753424
0.9863013698630136
1.643835616438356
1.643835616438356
1.9726027397260273
1.9726027397260273
1.9726027397260273
2.958904109589041
1.9726027397260273
1.643835616438356
0.9863013698630136
0.9863013698630136
1.643835616438356
0.9863013698630136
0.0
2.6301369863013697
1.3150684931506849
1.3150684931506849
2.6301369863013697
2.6301369863013697
1.3150684931506849
1.3150684931506849
0.9863013698630136
0.9863013698630136
1.643835616438356